1. 统计.py
结果：

数据前五行：
          f1         f2        f4          f5         f6          f7          f8        f10       f11        f12     target
0  40.593414  17.750235  3.191925  384.967142  11.128148  573.241579  425.194681  26.024322  0.923977  47.028200  11565.116
1  35.341896  17.622787  3.022789  378.617357   9.077855  571.540105  443.612926  27.385574  0.824684  50.266793  11471.065
2  51.776978  20.024900  3.122238  386.476885  11.071797  603.314352  455.516244  31.782894  0.578928  45.214539  11555.817
3  34.336082  18.289965  2.940709  395.230299  10.313021  609.154692  369.539985  28.194622  0.778858  52.695177  11468.178
4  75.581230  24.530027  3.181136  377.658466  11.065966  598.413875  408.443528  19.031855  0.936186  52.329371  11544.579

数据基本统计：
                f1           f2           f4           f5           f6           f7           f8          f10          f11          f12        target
count  7000.000000  7000.000000  7000.000000  7000.000000  7000.000000  7000.000000  7000.000000  7000.000000  7000.000000  7000.000000   7000.000000
mean     45.896452    19.770739     2.954701   379.933022    10.505385   600.761816   404.333435    24.919491     0.749092    50.062160  11529.558304
std      20.035752     6.638629     0.132414    10.022185     0.800625    23.069955    31.588862     5.086676     0.144427     5.752626     45.003277
min      28.838284    -3.538199     2.270655   347.587327     7.362080   560.003850   350.007425     2.671981     0.500052    40.000169  11448.141000
25%      35.489339    17.002359     2.885816   373.227376     9.973111   580.972171   377.008907    21.465674     0.621948    45.148869  11487.510250
50%      37.814295    17.731220     2.952933   379.913839    10.507779   600.883282   404.402342    24.885533     0.749278    50.146018  11538.128500
75%      50.074501    19.256976     3.047148   386.653809    11.039488   620.446396   431.385054    28.404500     0.874151    55.073761  11570.948000
max     191.998830    77.253204     3.272270   419.262377    13.243128   639.992078   459.970529    43.639167     0.999978    59.998794  11599.292000

2. 散点图.py
发现f2变量中存在负值，经相关资料查询，无法确定其是否能为负值，故这里假设将其去除

3. 正太分布检验.py 与 均匀分布检验.py
推测变量f5、f6和f10服从正太分布，变量f7、f8、f11和f12服从均匀分布

4. 绘制频率分布图了解数据分布

5. 初步推测在12个变量中可能影响因变量的变量为f1、f2和f4

